NACA 4418                                       
 Alfa =   0.00000 Re =        0.000 Xflap,Yflap =     0.000000    0.000000
#    x        y        Cp  
   1.00000  0.00189  0.53456
   0.99406  0.00392  0.34597
   0.98450  0.00716  0.25807
   0.97414  0.01062  0.19082
   0.96298  0.01429  0.13595
   0.95106  0.01815  0.08772
   0.93843  0.02216  0.04387
   0.92516  0.02630  0.00300
   0.91136  0.03053 -0.03522
   0.89712  0.03480 -0.07125
   0.88251  0.03908 -0.10586
   0.86763  0.04335 -0.13824
   0.85253  0.04759 -0.16957
   0.83726  0.05177 -0.19984
   0.82187  0.05589 -0.22843
   0.80638  0.05993 -0.25653
   0.79082  0.06389 -0.28373
   0.77520  0.06776 -0.31018
   0.75954  0.07154 -0.33537
   0.74386  0.07522 -0.36093
   0.72815  0.07880 -0.38526
   0.71242  0.08228 -0.40958
   0.69669  0.08566 -0.43329
   0.68096  0.08893 -0.45678
   0.66523  0.09209 -0.47999
   0.64951  0.09514 -0.50285
   0.63380  0.09807 -0.52571
   0.61811  0.10089 -0.54847
   0.60244  0.10360 -0.57073
   0.58680  0.10618 -0.59325
   0.57119  0.10864 -0.61568
   0.55562  0.11097 -0.63791
   0.54009  0.11318 -0.66027
   0.52461  0.11526 -0.68256
   0.50920  0.11720 -0.70484
   0.49385  0.11901 -0.72757
   0.47858  0.12068 -0.75026
   0.46341  0.12220 -0.77315
   0.44835  0.12358 -0.79681
   0.43341  0.12481 -0.82083
   0.41864  0.12589 -0.84620
   0.40405  0.12681 -0.87596
   0.38969  0.12757 -0.91089
   0.37552  0.12812 -0.93515
   0.36154  0.12847 -0.95663
   0.34771  0.12861 -0.97445
   0.33404  0.12856 -0.99033
   0.32051  0.12831 -1.00382
   0.30713  0.12785 -1.01468
   0.29391  0.12720 -1.02410
   0.28084  0.12635 -1.03080
   0.26795  0.12531 -1.03481
   0.25524  0.12407 -1.03779
   0.24274  0.12264 -1.03772
   0.23045  0.12102 -1.03521
   0.21839  0.11923 -1.03016
   0.20660  0.11726 -1.02344
   0.19508  0.11513 -1.01372
   0.18387  0.11284 -1.00153
   0.17299  0.11041 -0.98767
   0.16247  0.10786 -0.97038
   0.15232  0.10519 -0.95164
   0.14257  0.10243 -0.93025
   0.13324  0.09960 -0.90718
   0.12434  0.09670 -0.88164
   0.11587  0.09377 -0.85466
   0.10785  0.09081 -0.82608
   0.10026  0.08785 -0.79501
   0.09310  0.08488 -0.76412
   0.08636  0.08194 -0.72990
   0.08003  0.07902 -0.69614
   0.07408  0.07614 -0.65973
   0.06851  0.07329 -0.62394
   0.06328  0.07049 -0.58450
   0.05838  0.06774 -0.54643
   0.05378  0.06503 -0.50559
   0.04948  0.06237 -0.46430
   0.04544  0.05975 -0.42153
   0.04166  0.05718 -0.37789
   0.03811  0.05466 -0.33192
   0.03478  0.05217 -0.28577
   0.03166  0.04973 -0.23694
   0.02873  0.04732 -0.18802
   0.02599  0.04495 -0.13602
   0.02341  0.04261 -0.08311
   0.02100  0.04030 -0.02795
   0.01875  0.03801  0.02970
   0.01664  0.03575  0.08673
   0.01467  0.03352  0.14873
   0.01284  0.03130  0.21104
   0.01115  0.02911  0.27465
   0.00958  0.02693  0.34117
   0.00813  0.02477  0.40819
   0.00681  0.02262  0.47554
   0.00561  0.02048  0.54402
   0.00453  0.01837  0.61093
   0.00357  0.01626  0.67731
   0.00272  0.01417  0.74104
   0.00199  0.01210  0.80036
   0.00138  0.01004  0.85525
   0.00088  0.00800  0.90304
   0.00050  0.00599  0.94228
   0.00022  0.00400  0.97245
   0.00006  0.00204  0.99193
   0.00000  0.00011  0.99984
   0.00005 -0.00180  0.99568
   0.00020 -0.00374  0.97809
   0.00048 -0.00569  0.94594
   0.00088 -0.00765  0.89909
   0.00142 -0.00961  0.83725
   0.00209 -0.01157  0.76181
   0.00291 -0.01350  0.67573
   0.00387 -0.01542  0.58201
   0.00498 -0.01730  0.48287
   0.00623 -0.01914  0.38222
   0.00763 -0.02095  0.28502
   0.00917 -0.02271  0.19098
   0.01084 -0.02442  0.10272
   0.01265 -0.02608  0.02277
   0.01460 -0.02770 -0.04904
   0.01668 -0.02927 -0.11342
   0.01890 -0.03079 -0.17070
   0.02125 -0.03226 -0.21915
   0.02374 -0.03370 -0.26186
   0.02638 -0.03509 -0.29868
   0.02916 -0.03644 -0.32809
   0.03210 -0.03776 -0.35420
   0.03520 -0.03903 -0.37470
   0.03848 -0.04027 -0.39181
   0.04194 -0.04148 -0.40472
   0.04560 -0.04265 -0.41489
   0.04947 -0.04380 -0.42209
   0.05356 -0.04490 -0.42636
   0.05791 -0.04598 -0.42851
   0.06252 -0.04702 -0.42874
   0.06743 -0.04803 -0.42694
   0.07266 -0.04900 -0.42246
   0.07823 -0.04993 -0.41742
   0.08419 -0.05082 -0.41056
   0.09057 -0.05167 -0.40226
   0.09740 -0.05247 -0.39207
   0.10474 -0.05321 -0.38143
   0.11261 -0.05388 -0.36893
   0.12106 -0.05449 -0.35540
   0.13013 -0.05502 -0.34099
   0.13985 -0.05546 -0.32531
   0.15025 -0.05581 -0.30932
   0.16135 -0.05605 -0.29195
   0.17315 -0.05618 -0.27450
   0.18564 -0.05619 -0.25627
   0.19880 -0.05608 -0.23783
   0.21260 -0.05585 -0.21960
   0.22698 -0.05550 -0.20120
   0.24191 -0.05503 -0.18281
   0.25733 -0.05446 -0.16572
   0.27318 -0.05380 -0.14839
   0.28942 -0.05305 -0.13197
   0.30599 -0.05222 -0.11685
   0.32284 -0.05134 -0.10223
   0.33992 -0.05041 -0.08908
   0.35717 -0.04945 -0.07741
   0.37453 -0.04848 -0.06753
   0.39192 -0.04750 -0.06058
   0.40927 -0.04652 -0.06021
   0.42657 -0.04548 -0.05379
   0.44389 -0.04439 -0.04614
   0.46123 -0.04324 -0.03744
   0.47862 -0.04204 -0.02848
   0.49608 -0.04080 -0.01924
   0.51360 -0.03953 -0.00997
   0.53118 -0.03822 -0.00077
   0.54883 -0.03688  0.00857
   0.56654 -0.03551  0.01780
   0.58430 -0.03413  0.02652
   0.60212 -0.03273  0.03564
   0.61998 -0.03132  0.04440
   0.63788 -0.02990  0.05293
   0.65581 -0.02847  0.06160
   0.67374 -0.02704  0.06985
   0.69168 -0.02562  0.07830
   0.70960 -0.02420  0.08643
   0.72751 -0.02278  0.09469
   0.74539 -0.02138  0.10292
   0.76324 -0.01998  0.11120
   0.78105 -0.01859  0.11971
   0.79880 -0.01722  0.12838
   0.81647 -0.01585  0.13744
   0.83403 -0.01451  0.14678
   0.85141 -0.01318  0.15683
   0.86856 -0.01188  0.16759
   0.88538 -0.01060  0.17932
   0.90175 -0.00936  0.19222
   0.91754 -0.00817  0.20668
   0.93260 -0.00703  0.22292
   0.94681 -0.00595  0.24203
   0.96006 -0.00495  0.26428
   0.97230 -0.00401  0.29219
   0.98350 -0.00316  0.33020
   0.99371 -0.00237  0.38763
   1.00000 -0.00189  0.53456
